410 -86 -422 -133 236 999 675 
4
410
999
675
-133
45 -484 -497 -171 -317 -410 -480 -391 -376 -382 -324 -327 -270 -275 -254 -259 -248 -177 -239 16 -9 -38 -85 -95 -128 -88 -66 -79 -42 -5 39 29 311 164 116 94 68 73 92 76 130 134 264 204 177 230 208 248 235 286 301 1000 892 500 346 378 477 405 428 758 547 727 692 677 576 638 673 712 742 780 769 813 793 955 944 903 966 973 989 996 
13
45
311
1000
892
955
966
973
989
996
712
576
638
673
-474 -477 -494 588 99 -305 -386 -436 -457 -462 -456 -438 -397 -429 -356 -365 -323 -346 -322 -41 -229 -300 -268 -274 -271 -253 -58 -86 -222 -224 -140 -160 -171 -178 -213 -191 -210 -143 -147 -153 -154 -152 -136 -125 -96 -71 -70 -62 -42 48 26 -16 -36 -28 -6 -14 16 47 66 60 115 535 501 310 217 182 137 121 117 154 155 156 210 204 212 261 256 223 307 275 289 421 390 339 322 362 341 370 420 453 450 433 429 434 458 496 534 518 510 506 532 575 568 563 543 538 566 572 887 841 720 623 603 610 678 674 640 633 635 663 662 683 686 710 767 744 763 749 839 789 861 864 862 869 952 912 899 903 900 911 910 935 914 931 916 939 943 985 996 987 
16
-474
588
887
952
985
996
987
943
916
710
662
434
156
-153
-152
-210
730 460 321 81 70 -120 -283 -474 -495 -497 -493 -492 -403 -424 -469 -472 -430 -467 -437 -445 -464 -452 -414 -366 -402 -377 -370 -308 -319 -287 -305 -207 -274 -280 -215 -241 -272 -258 -259 -209 -212 -197 -169 -188 -192 -173 -150 -155 -152 -147 35 19 -102 -115 -114 -107 -96 -100 -89 -31 -37 -51 -68 -86 -59 -40 -41 -47 -34 -23 -15 -19 -12 49 43 62 71 80 318 218 96 84 94 112 109 98 101 193 133 123 118 136 134 188 164 150 169 190 205 194 217 288 240 223 232 228 257 247 265 310 294 423 415 359 394 387 402 419 439 428 446 440 459 699 526 521 484 468 465 462 518 515 503 697 620 601 539 538 534 549 552 556 562 604 606 667 649 636 659 662 694 691 698 712 706 726 716 719 729 752 732 962 758 753 816 792 785 773 760 764 790 789 814 801 897 822 819 879 855 828 868 859 889 882 890 958 949 930 913 905 910 916 925 939 945 951 959 961 978 1000 
17
730
752
962
978
1000
897
958
959
961
939
945
925
190
169
-12
-41
-47
-393 -413 -490 -496 -499 -438 -462 -488 -464 -477 -443 -427 -436 -417 -422 -394 -405 -408 -410 -411 -399 -397 944 -73 -280 -359 -367 -375 -387 -383 -377 -345 -347 -356 -358 -357 -352 -302 -335 -337 -338 -301 -292 -298 -293 -242 -278 -244 -249 -257 -260 -264 -255 -201 -218 -236 -240 -230 -228 -222 -208 -212 -217 -203 -206 -150 -197 -151 -182 -185 -179 -163 -175 -155 -148 -145 -131 -139 -138 -88 -95 -110 -118 -123 -119 -120 -111 -102 -104 -103 -79 131 100 72 16 -69 -70 -33 -39 -49 -57 -65 -46 -44 -34 -10 -20 -27 -13 -4 -7 -3 14 9 6 18 17 61 54 39 36 33 42 57 67 86 73 82 98 111 107 120 114 127 354 334 275 167 138 164 163 162 149 148 157 155 223 205 171 170 208 206 215 235 243 236 262 255 272 295 291 281 276 278 282 287 300 330 318 304 327 326 322 333 347 352 350 715 508 503 357 355 393 367 364 363 366 381 499 418 408 397 404 415 411 417 422 419 489 482 463 445 435 434 459 458 464 475 490 540 533 530 532 531 534 670 550 544 661 637 579 571 601 588 610 609 608 614 620 621 635 648 640 655 665 678 707 698 896 863 841 757 722 717 754 749 726 728 730 786 768 820 814 791 787 809 807 802 792 815 817 829 836 833 862 845 851 852 882 875 870 869 890 907 906 903 901 919 916 915 909 943 920 971 945 958 956 949 973 974
19
-393
944
971
973
974
956
949
907
919
943
920
909
852
836
833
807
802
792
635
651 -187 -299 -424 -484 -490 -496 -499 -495 -493 -485 -440 -447 -459 -470 -462 -466 -456 -457 -454 -438 -430 -437 -435 -428 -392 -399 -420 -423 -422 -410 -402 -396 -398 -397 -394 -367 -386 -370 -375 -384 -381 -376 -326 -335 -363 -364 -343 -348 -350 -344 -328 -331 -334 -329 -327 -312 -322 -306 -307 -303 -267 -289 -295 -286 -269 -270 -284 -281 -275 -251 -256 -258 -210 -224 -246 -249 -232 -236 -222 -220 -212 -213 -189 -190 -199 -188 48 -104 -178 -181 -185 -180 -105 -123 -169 -177 -171 -142 -145 -155 -166 -168 -154 -149 -136 -126 -108 -120 -73 -97 -103 -98 -100 -99 -90 -96 -82 -13 -72 -69 -18 -21 -46 -37 -40 -38 -14 -16 21 3 -8 -4 19 13 12 18 47 31 30 40 36 32 38 37 44 179 122 89 84 63 54 50 55 81 79 82 83 85 94 98 121 108 120 112 162 158 138 134 130 133 157 147 171 176 547 456 200 198 189 182 356 331 301 210 201 215 240 227 221 217 220 219 225 223 237 233 243 266 259 284 275 270 283 300 293 295 325 307 305 316 313 320 318 354 349 346 378 363 374 364 370 365 369 437 396 386 384 380 382 394 405 401 399 414 427 422 447 444 443 448 495 484 467 479 487 538 525 509 519 526 528 535 531 545 544 601 552 551 549 550 591 584 564 558 578 565 572 579 587 590 599 593 595 603 641 609 605 638 610 619 643 649 645 851 841 797 682 655 653 668 660 664 661 677 680 681 777 709 699 683 691 708 705 719 711 715 764 753 746 741 731 745 759 776 768 786 779 783 796 787 819 800 816 806 824 821 840 828 826 830 847 844 872 866 860 859 854 870 869 953 893 887 879 874 949 930 895 922 898 908 917 910 929 934 937 963 958 955 959 982 973 975 974 981 995 988 983 984 996 
19
651
851
872
953
963
982
995
996
983
984
908
917
910
427
422
284
300
293
295
-243 -245 -355 -474 -481 -500 -487 -482 -478 -479 -477 -475 -359 -388 -399 -448 -467 -468 -469 -473 -449 -464 -455 -451 -425 -434 -439 -443 -437 -431 -426 -428 -430 -408 -414 -419 -394 -371 -375 -383 -366 -370 -361 -363 -357 -272 -289 -327 -332 -344 -350 -334 -331 -312 -319 -315 -313 -304 -310 -305 -295 -299 -274 -284 -286 -275 -278 -247 -250 -257 -260 -261 -271 -267 -251 -254 -249 3 -7 -199 -230 -234 -240 -236 -232 -222 -204 -216 -218 -221 -217 -208 -214 -193 -195 -198 -194 -156 -173 -188 -189 -191 -190 -183 -158 -161 -87 -102 -116 -127 -145 -153 -139 -126 -122 -113 -114 -104 -107 -88 -98 -99 -101 -94 -97 -64 -82 -85 -83 -72 -78 -70 -66 -34 -39 -53 -60 -54 -47 -52 -49 -32 -15 -18 -4 -3 617 472 45 32 12 6 4 44 111 96 80 72 49 47 55 58 73 77 92 83 105 97 104 99 149 119 114 112 120 140 122 134 126 141 203 178 153 170 169 156 155 158 166 177 186 184 187 192 199 299 278 255 246 209 206 225 239 226 240 252 248 247 251 257 260 259 272 268 262 264 275 295 288 298 463 308 306 303 305 357 327 319 313 311 315 323 350 334 345 335 336 348 355 353 426 388 359 358 364 360 361 385 380 366 377 373 375 381 424 415 403 400 420 418 452 433 446 443 440 438 444 456 454 464 471 469 467 465 470 532 507 481 473 477 474 493 483 482 485 491 499 496 504 500 501 528 517 509 510 524 523 527 546 542 600 579 557 554 552 567 566 563 559 584 583 585 593 608 605 602 601 616 612 812 680 638 633 627 634 650 641 639 649 644 643 660 654 655 656 667 664 662 661 677 676 679 808 803 741 706 693 690 681 699 696 704 715 710 718 717 716 731 719 723 739 738 737 736 740 762 746 754 759 766 765 764 789 778 787 783 788 792 790 791 800 806 809 995 982 953 878 858 844 819 814 825 820 831 828 830 837 839 853 856 873 861 877 874 931 930 911 906 892 883 895 922 917 914 915 920 927 951 952 966 964 973 972 975 978 980 990 983 987 994 
22
-243
3
617
812
995
982
990
994
987
975
978
980
927
920
915
736
443
444
438
377
373
375
112 -7 -244 -319 -411 -436 -483 -493 -499 -489 -487 -469 -481 -482 -473 -480 -477 -471 -463 -454 -456 -461 -445 -451 -443 -439 -414 -419 -433 -435 -434 -425 -432 -422 -424 -423 -417 -393 -396 -410 -407 -409 -400 -406 -403 -398 -332 -345 -364 -374 -376 -377 -382 -386 -389 -391 -384 -368 -367 -351 -355 -350 -348 -335 -342 -339 -334 -333 -329 -331 -324 -325 -258 -314 -313 -300 -308 -310 -309 -302 -307 -286 -288 -291 -299 -290 -279 -280 -271 -278 -272 -259 -262 -267 -268 -254 -257 -255 -246 -250 -249 -60 -118 -170 -174 -192 -198 -241 -212 -219 -240 -231 -236 -238 -239 -235 -232 -223 -228 -227 -216 -218 -205 -210 -204 -199 -200 -194 -195 -183 -189 -190 -191 -184 -182 -159 -161 -162 -167 -163 -166 -160 -120 -135 -139 -144 -151 -153 -155 -147 -143 -127 -130 -133 -134 -131 -126 -121 -76 -105 -113 -117 -109 -100 -103 -81 -88 -91 -92 -94 -90 -84 -87 -85 -78 -80 -71 -64 -70 -66 -69 -68 -39 -47 -57 -59 -52 -40 -32 -34 -36 -37 -28 -30 -31 -29 -21 -25 -26 -9 -18 -12 -10 84 73 24 16 2 1 -5 -2 3 12 10 5 9 14 22 19 23 38 25 32 29 34 33 37 36 54 47 41 39 43 48 50 53 61 56 55 57 68 79 77 81 80 82 104 102 97 96 87 85 95 88 108 106 801 619 517 186 175 127 119 116 115 113 114 117 121 174 169 149 140 130 129 134 132 144 166 150 164 155 158 167 184 183 506 225 202 196 187 199 197 207 203 214 211 220 215 216 283 237 236 229 230 231 232 235 253 245 243 240 238 242 250 249 257 262 258 259 267 265 263 271 269 276 279 294 286 291 287 288 293 292 390 327 308 295 304 321 316 315 317 325 323 324 328 387 357 345 341 335 333 337 347 350 352 353 381 370 364 361 358 367 377 376 382 443 416 394 393 404 399 400 401 413 409 406 424 419 418 420 421 437 431 425 427 434 435 436 441 442 466 449 448 446 447 459 451 457 477 471 474 475 495 478 480 487 490 497 502 503 510 507 516 511 513 573 562 536 524 519 521 522 532 529 528 531 534 535 560 541 548 545 551 564 571 602 588 578 576 582 587 597 590 591 595 598 608 603 604 605 611 617 612 613 615 710 674 670 664 659 630 623 622 627 624 645 642 638 634 631 651 646 649 654 657 666 672 691 677 675 688 683 682 681 679 684 689 703 698 696 697 702 699 706 708 738 715 714 712 713 728 721 730 734 731 732 736 772 748 745 744 739 767 760 756 752 766 762 761 763 771 797 783 778 782 794 792 791 788 798 875 819 809 804 803 806 816 812 810 814 817 862 857 839 828 827 820 823 834 833 856 844 841 854 848 858 860 865 864 873 867 866 870 880 879 878 936 894 887 881 885 893 890 889 892 901 895 898 896 935 924 910 902 905 903 911 912 913 918 916 919 934 926 925 932 931 940 937 938 985 964 941 944 960 956 958 965 971 982 976 974 981 986 991 988 998 997 993 
19
112
801
875
880
936
940
985
986
991
998
997
993
981
918
919
502
503
490
358
81 15 -405 -423 -446 -488 -490 -497 -500 -499 -495 -494 -461 -477 -486 -485 -483 -478 -479 -482 -469 -470 -475 -474 -472 -471 -462 -466 -468 -464 -465 -450 -453 -457 -459 -458 -456 -449 -448 -437 -442 -445 -438 -439 -441 -424 -436 -429 -435 -427 -428 -409 -414 -415 -420 -421 -410 -411 -407 -177 -212 -316 -404 -360 -396 -402 -403 -397 -398 -361 -365 -390 -392 -378 -383 -384 -385 -388 -380 -375 -369 -372 -370 -368 -362 -363 -317 -345 -349 -359 -350 -352 -353 -355 -357 -347 -348 -320 -339 -341 -340 -323 -332 -336 -337 -335 -328 -329 -331 -327 -326 -325 -321 -319 -222 -314 -315 -267 -299 -304 -309 -313 -311 -305 -306 -307 -302 -300 -301 -276 -284 -289 -296 -291 -292 -294 -287 -286 -282 -269 -272 -275 -274 -230 -237 -258 -264 -265 -262 -263 -241 -257 -242 -246 -256 -254 -255 -251 -250 -249 -245 -239 -238 -236 -231 -232 -235 -234 -225 -229 -227 -219 -220 -213 -214 -198 -210 -211 -203 -204 -207 -206 -202 -200 -195 -179 -193 -180 -185 -178 -135 -147 -168 -173 -176 -174 -170 -160 -161 -167 -166 -164 -163 -157 -158 -159 -154 -152 -148 -149 -141 -145 -143 -139 -136 -137 -138 -67 -105 -116 -131 -134 -133 -132 -122 -126 -125 -118 -119 -107 -114 -109 -113 -106 -100 -101 -83 -99 -98 -88 -96 -97 -91 -85 -68 -70 -71 -77 -78 -80 -72 -32 -59 -61 -62 -64 -60 -49 -56 -58 -50 -53 -34 -41 -46 -42 -44 -37 -38 -39 -36 -35 -4 -22 -29 -24 -25 -14 -21 -16 -19 -5 -6 -11 -12 -8 -10 -7 2 1 -1 -3 7 3 6 5 8 13 37 19 16 17 18 26 20 25 22 33 27 31 28 32 34 36 74 44 41 40 61 49 50 54 51 52 58 55 60 68 64 62 63 67 69 70 72 76 79 351 198 160 83 123 114 113 110 106 84 98 89 88 90 94 92 100 105 104 101 102 108 111 112 119 117 121 126 124 149 144 143 133 129 128 132 134 135 137 148 146 156 151 152 159 173 168 166 172 170 169 180 178 175 179 196 184 181 182 195 194 193 191 188 197 266 243 200 199 216 210 204 203 205 209 213 212 214 233 231 222 218 219 225 223 224 228 226 229 232 234 242 236 238 252 249 251 263 262 257 253 255 260 264 299 275 272 268 267 270 269 274 285 282 279 276 278 280 284 298 286 295 293 292 291 289 344 340 337 320 312 303 311 309 307 305 315 313 316 319 321 330 327 326 323 332 333 336 339 341 343 345 350 347 673 579 368 357 355 367 360 359 363 493 393 371 370 369 389 387 384 382 374 372 460 403 399 398 396 394 397 400 402 459 454 412 411 409 410 432 430 426 416 420 425 423 429 449 437 441 439 442 443 450 453 456 482 471 463 469 464 465 475 472 474 480 476 478 481 488 483 485 486 487 492 509 506 501 496 494 495 497 505 504 503 507 515 510 512 557 526 516 521 524 523 528 543 531 530 529 539 535 533 537 540 552 545 551 550 549 555 566 563 561 565 564 568 567 577 574 657 644 639 620 609 592 581 580 586 584 591 589 604 601 607 608 616 615 610 634 625 622 621 628 629 632 635 636 642 641 643 646 645 650 648 647 649 654 652 651 655 672 658 670 659 664 663 667 666 671 970 879 862 783 748 746 732 715 701 676 674 675 686 683 679 678 680 699 693 690 689 695 700 713 706 704 705 707 722 718 716 717 719 725 727 726 731 735 744 742 740 739 737 736 741 745 754 751 749 750 752 775 755 757 756 761 758 772 770 774 777 782 778 792 788 786 787 789 846 836 825 807 801 796 794 799 800 804 802 806 818 809 808 815 810 811 813 814 817 821 819 827 830 828 829 843 841 837 839 844 861 847 850 849 860 852 856 859 870 867 866 865 877 874 873 875 876 878 895 886 882 881 880 884 892 889 894 893 944 925 898 896 897 911 900 905 901 903 904 908 906 907 910 909 920 916 913 923 922 924 940 928 935 933 931 934 943 942 966 956 950 949 946 948 951 955 954 953 963 958 957 961 965 964 978 972 971 973 977 974 975 983 979 981 982 992 985 984 991 997 996 995 999 
21
81
351
673
970
978
983
992
997
999
995
965
964
954
953
909
859
811
813
814
-250
-249
602 228 -381 -385 -387 -485 -498 -499 -491 -494 -497 -495 -493 -488 -489 -486 -487 -422 -430 -478 -484 -482 -483 -480 -450 -456 -467 -477 -473 -476 -475 -469 -472 -471 -470 -465 -466 -457 -460 -462 -464 -463 -461 -459 -453 -454 -445 -449 -435 -439 -444 -440 -443 -437 -431 -433 -434 -426 -428 -425 -423 -424 -404 -421 -418 -419 -420 -413 -415 -414 -405 -411 -408 -409 -407 -401 -403 -402 -394 -397 -398 -396 -393 -388 -389 -390 -386 -382 -384 -383 -368 -373 -378 -379 -380 -377 -375 -376 -371 -372 39 -237 -259 -269 -347 -357 -358 -363 -365 -367 -366 -364 -361 -362 -360 -350 -352 -354 -356 -353 -349 -348 -322 -336 -345 -346 -344 -337 -338 -326 -327 -332 -331 -323 -325 -294 -309 -318 -321 -319 -313 -317 -315 -314 -311 -312 -310 -306 -307 -295 -305 -299 -301 -302 -296 -281 -287 -291 -292 -290 -288 -284 -282 -283 -278 -279 -280 -270 -277 -271 -276 -272 -261 -268 -264 -267 -262 -260 -238 -255 -257 -258 -256 -248 -254 -249 -246 -247 -240 -245 -239 4 -108 -191 -223 -224 -233 -234 -236 -227 -229 -225 -226 -200 -218 -220 -219 -207 -208 -212 -214 -216 -215 -210 -209 -201 -206 -205 -203 -204 -192 -194 -198 -163 -183 -184 -188 -174 -175 -177 -179 -168 -171 -169 -170 -165 -154 -160 -162 -156 -155 -150 -152 -153 -151 -114 -143 -144 -147 -145 -138 -139 -127 -133 -137 -129 -132 -131 -130 -128 -123 -126 -124 -115 -119 -116 -109 -112 -113 -59 -106 -107 -72 -91 -94 -96 -105 -103 -104 -97 -98 -100 -99 -95 -73 -74 -87 -90 -75 -77 -82 -83 -85 -81 -79 -67 -68 -70 -71 -63 -65 -64 -62 -61 -53 -57 -58 -54 -14 -37 -48 -49 -52 -51 -40 -45 -47 -46 -44 -42 -43 -41 -38 -39 -20 -34 -36 -30 -31 -32 -33 -26 -27 -28 -29 -25 -24 -22 -23 -18 -15 -6 -7 -9 -8 0 3 2 27 18 11 8 5 7 13 12 15 16 25 21 19 23 26 37 32 28 36 33 38 49 43 40 41 44 126 87 68 53 51 50 56 54 61 57 58 60 64 62 63 65 84 70 78 76 71 74 72 77 81 80 82 86 103 100 91 88 99 96 95 92 93 97 98 102 112 111 110 104 108 106 109 117 119 118 121 120 125 122 123 129 128 173 148 147 142 130 131 134 133 137 136 141 140 143 151 149 150 162 157 156 153 160 170 167 165 168 172 227 186 178 177 176 175 181 180 179 184 182 206 189 188 187 193 190 202 195 200 203 212 207 208 209 224 223 217 225 297 243 234 231 229 233 232 235 236 242 238 240 281 250 245 244 279 262 257 252 251 254 255 258 259 261 271 266 265 264 269 268 270 274 272 277 276 278 284 282 290 286 285 288 295 294 530 506 419 411 316 305 302 299 304 306 312 310 315 313 349 333 317 327 324 320 318 323 325 329 328 332 330 338 334 343 339 341 342 345 344 346 348 347 374 362 352 351 350 357 353 371 363 366 367 373 387 380 376 381 396 395 391 390 407 398 401 400 399 406 402 403 410 408 416 415 417 445 437 430 425 421 423 424 427 426 435 432 431 436 438 444 443 459 458 448 446 454 453 451 450 456 457 472 467 461 460 465 462 466 470 469 487 482 480 473 476 475 474 478 477 481 486 483 493 491 490 492 497 495 494 501 499 503 502 505 504 509 507 508 517 516 513 511 522 518 520 523 529 524 528 526 588 557 545 535 544 542 539 538 540 551 548 546 549 550 555 552 553 556 578 573 567 559 563 560 562 565 564 566 568 570 572 574 575 576 580 579 582 581 583 584 587 590 593 591 592 600 949 926 839 717 609 604 603 607 606 630 624 619 615 611 610 613 621 620 623 629 627 625 628 675 668 652 651 634 643 638 636 637 650 648 644 646 645 659 653 654 655 656 666 662 667 673 670 669 671 674 687 685 684 681 680 679 683 705 696 693 688 692 689 697 703 698 699 700 702 704 706 714 711 710 716 715 726 725 720 719 724 722 721 723 759 739 727 737 730 728 731 754 748 744 741 743 745 750 752 753 757 755 758 795 780 772 762 760 765 764 763 771 769 766 773 778 777 775 774 791 789 784 783 782 787 785 788 790 792 809 796 808 807 802 799 806 803 804 805 833 818 810 814 816 815 817 830 828 827 826 820 819 825 821 822 824 823 829 831 832 834 838 837 911 841 840 874 865 861 853 848 845 844 842 843 847 852 850 859 854 855 857 860 863 862 864 866 871 867 868 872 873 879 878 875 876 907 896 883 880 882 887 886 884 888 895 892 889 893 905 901 897 904 902 906 909 912 924 919 918 917 916 920 943 940 927 938 932 928 930 929 933 934 936 935 937 942 941 945 946 972 965 960 958 956 951 950 954 953 955 957 959 962 964 963 970 968 966 969 971 986 981 974 973 979 985 982 991 988 990 989 995 992 998 999 
21
602
949
972
986
991
995
998
999
954
955
936
937
904
902
892
893
825
821
822
824
823
