10
7
-133 -422 236 -86 675 999 410 
80
-497 -480 -382 -327 -324 -376 -391 -410 -275 -259 -239 -177 -248 -254 -270 -317 -128 -88 -95 -79 -42 -66 -85 -38 -5 -9 29 39 16 -171 -484 76 92 73 68 94 134 130 116 177 208 235 248 230 204 301 286 264 164 428 405 477 378 346 673 638 576 677 712 692 742 727 547 769 793 813 780 758 500 903 944 996 989 973 966 955 892 1000 311 45 
150
-494 -477 -462 -438 -456 -457 -429 -397 -436 -365 -346 -322 -323 -356 -386 -271 -274 -253 -268 -300 -224 -210 -191 -213 -178 -171 -154 -152 -153 -147 -143 -160 -96 -125 -136 -140 -222 -62 -70 -71 -86 -42 -58 -229 -28 -36 -14 16 -6 -16 47 26 60 66 48 -41 -305 117 121 156 155 154 137 204 212 210 182 223 256 289 275 307 261 217 322 341 370 362 339 420 390 429 434 433 450 496 458 453 421 310 506 510 532 518 534 501 538 543 566 563 572 568 575 535 115 99 610 603 635 633 662 663 640 674 710 686 683 678 623 749 763 744 789 839 767 720 862 869 864 861 841 900 910 911 903 899 916 931 914 943 939 935 912 987 996 985 952 887 588 -474 
200
-497 -492 -493 -495 -472 -452 -464 -445 -437 -467 -430 -469 -414 -424 -370 -377 -402 -319 -305 -287 -308 -366 -403 -474 -280 -259 -258 -272 -241 -212 -209 -215 -274 -192 -173 -188 -152 -155 -147 -150 -169 -197 -207 -283 -107 -114 -115 -100 -86 -59 -68 -47 -41 -40 -51 -34 -37 -19 -12 -15 -23 -31 -89 -96 -102 19 43 62 49 35 -120 80 71 70 94 84 101 98 109 118 123 134 150 169 164 190 188 136 133 194 217 205 193 112 96 228 232 223 247 265 257 240 294 310 288 218 318 81 387 402 394 359 419 415 428 440 459 446 439 423 321 462 465 468 503 515 518 484 521 534 538 562 556 552 549 539 606 604 601 636 662 659 649 691 694 667 620 698 697 526 706 719 716 729 726 712 699 460 732 753 764 760 773 789 790 785 801 814 792 819 828 859 868 855 882 890 889 879 822 910 905 925 916 913 945 939 930 951 949 961 959 958 897 816 758 1000 978 962 752 730 
290
-499 -496 -477 -464 -488 -443 -462 -436 -422 -417 -427 -438 -490 -411 -410 -408 -397 -399 -405 -394 -413 -377 -383 -387 -375 -367 -357 -358 -352 -356 -347 -338 -337 -335 -293 -298 -292 -301 -302 -345 -359 -264 -260 -255 -257 -249 -244 -278 -240 -222 -228 -230 -236 -217 -212 -206 -203 -208 -218 -185 -175 -155 -163 -179 -182 -151 -197 -138 -139 -120 -119 -123 -111 -118 -103 -104 -102 -110 -95 -79 -88 -131 -145 -148 -150 -201 -242 -280 -70 -65 -57 -44 -46 -49 -34 -39 -27 -13 -20 -7 6 9 14 -3 -4 -10 -33 -69 17 33 36 42 39 57 54 67 61 18 16 82 73 98 86 72 107 114 127 120 111 100 148 155 157 149 162 163 164 138 170 171 206 215 208 205 236 255 272 262 243 235 223 167 278 276 287 282 281 291 304 322 326 327 318 333 330 300 295 275 350 352 347 334 355 363 366 364 381 367 404 397 411 417 415 408 419 434 435 458 459 445 475 464 463 482 490 489 422 418 499 393 357 503 531 532 530 534 533 544 571 588 608 609 635 621 620 614 610 601 579 640 655 648 637 665 661 550 698 707 678 670 540 508 717 730 728 726 749 754 722 768 787 792 802 807 809 791 817 815 814 833 836 829 820 786 757 852 851 845 862 841 869 870 875 890 882 863 901 903 906 909 915 916 920 943 919 907 896 715 354 131 -73 949 956 958 945 974 973 971 944 -393 
370
-499 -493 -495 -496 -485 -490 -466 -462 -470 -457 -454 -456 -459 -447 -435 -437 -428 -430 -438 -440 -484 -422 -423 -402 -410 -420 -397 -398 -394 -396 -399 -376 -381 -384 -375 -370 -386 -364 -350 -344 -348 -343 -363 -334 -329 -331 -327 -328 -335 -322 -307 -303 -306 -312 -326 -367 -392 -424 -295 -275 -281 -284 -270 -269 -286 -289 -258 -256 -249 -236 -232 -246 -213 -212 -220 -222 -224 -199 -190 -188 -189 -210 -251 -267 -299 -185 -180 -181 -171 -177 -168 -166 -149 -154 -155 -145 -126 -136 -142 -169 -120 -108 -123 -105 -178 -99 -100 -98 -103 -96 -82 -90 -97 -38 -40 -37 -46 -21 -16 -14 -18 -69 -72 -4 -8 12 18 13 19 3 30 32 37 38 36 44 40 31 47 21 -13 -73 -104 50 55 54 79 83 82 81 63 85 84 112 120 108 121 98 94 89 133 130 134 147 157 138 158 176 171 162 122 182 189 198 201 219 220 217 223 225 221 233 237 227 259 270 283 275 295 293 300 284 266 243 240 215 210 305 313 318 320 316 307 325 301 346 349 354 331 369 365 370 364 374 363 382 380 384 394 386 399 401 422 427 414 405 396 443 444 448 447 437 378 356 200 479 467 487 484 519 509 531 535 528 526 525 544 545 538 495 456 550 549 551 558 572 565 579 578 564 590 587 584 595 593 599 591 552 605 619 610 638 609 645 649 643 641 603 601 547 179 48 -187 653 661 664 660 681 680 677 668 655 691 683 705 708 699 715 711 731 745 741 746 759 753 768 776 764 719 709 783 779 787 796 786 777 682 806 816 800 821 826 830 828 840 824 819 797 844 847 841 854 859 860 869 870 866 874 879 887 910 917 908 898 929 922 895 937 934 930 949 893 955 959 958 974 981 975 973 984 983 988 996 995 982 963 953 872 851 651 
430
-482 -487 -500 -479 -475 -477 -478 -481 -473 -469 -468 -451 -455 -464 -449 -467 -443 -437 -439 -430 -428 -426 -431 -434 -419 -414 -408 -425 -448 -394 -399 -383 -375 -370 -363 -361 -366 -371 -388 -357 -359 -474 -350 -334 -344 -331 -332 -313 -315 -319 -305 -310 -299 -295 -304 -312 -327 -286 -278 -275 -284 -274 -289 -267 -271 -261 -260 -254 -251 -257 -249 -250 -247 -272 -355 -245 -236 -240 -232 -234 -221 -217 -218 -214 -208 -216 -204 -222 -230 -198 -194 -195 -190 -191 -189 -183 -188 -161 -158 -173 -153 -139 -145 -122 -126 -127 -114 -107 -104 -113 -116 -101 -99 -97 -94 -98 -88 -102 -83 -85 -78 -66 -70 -72 -82 -54 -60 -49 -52 -47 -53 -39 -18 -15 -32 -34 -64 -87 -156 -193 -199 -3 -4 -7 4 6 12 44 32 47 58 55 49 77 73 72 83 92 80 99 104 97 105 96 112 114 126 134 122 141 140 120 119 155 166 158 156 169 177 170 153 184 199 192 187 186 178 206 226 240 239 225 209 247 251 248 252 246 259 264 262 268 275 272 260 257 255 288 298 295 278 305 303 306 311 315 313 323 319 336 335 348 345 334 353 355 350 327 358 361 360 375 373 377 366 381 380 385 364 359 400 403 418 420 415 424 388 438 440 444 443 446 433 454 456 452 426 357 308 465 467 470 469 471 464 463 299 203 149 111 45 474 477 473 482 491 485 483 496 501 500 504 499 493 481 510 509 523 527 524 517 528 507 542 552 554 559 563 566 567 557 583 593 585 584 579 601 602 605 612 616 608 600 546 532 472 627 634 633 639 643 644 649 641 656 655 654 661 662 664 676 679 677 667 660 650 638 681 690 696 704 699 693 710 716 717 723 719 736 737 738 740 739 731 718 715 706 759 754 746 764 765 783 788 787 778 791 790 800 792 789 766 762 741 806 803 809 808 680 814 820 830 828 839 837 831 825 819 856 853 844 861 874 877 873 858 883 895 892 906 915 914 920 917 927 922 911 930 952 951 931 878 964 972 980 978 975 973 966 953 987 983 994 990 982 995 812 617 3 -243 
620
-499 -487 -489 -493 -482 -477 -480 -471 -473 -481 -461 -456 -451 -439 -443 -445 -454 -463 -469 -483 -434 -435 -432 -423 -424 -422 -425 -433 -417 -419 -414 -436 -409 -403 -406 -398 -400 -407 -410 -396 -391 -389 -384 -386 -382 -377 -376 -367 -368 -374 -355 -348 -350 -351 -364 -339 -342 -333 -334 -335 -345 -331 -325 -324 -329 -332 -393 -411 -309 -310 -307 -302 -308 -299 -290 -291 -288 -280 -272 -278 -268 -267 -262 -259 -271 -279 -286 -300 -313 -314 -255 -257 -249 -250 -246 -254 -258 -319 -239 -238 -232 -235 -236 -227 -228 -223 -231 -240 -218 -216 -219 -210 -200 -199 -204 -205 -212 -241 -195 -194 -198 -191 -190 -184 -189 -182 -183 -192 -174 -166 -163 -167 -162 -160 -161 -155 -153 -147 -151 -143 -144 -139 -134 -131 -133 -130 -121 -126 -127 -135 -120 -159 -170 -117 -109 -113 -103 -94 -92 -90 -91 -85 -87 -84 -88 -80 -78 -81 -100 -105 -68 -69 -66 -70 -64 -71 -76 -118 -59 -52 -57 -40 -47 -37 -36 -34 -31 -29 -30 -26 -25 -10 -12 -18 -9 -21 -28 -32 -39 -60 -244 -2 -5 1 9 5 10 14 12 3 2 19 23 22 16 29 33 36 37 34 32 25 39 43 41 53 50 48 47 55 57 56 68 61 54 38 24 77 80 82 81 79 73 85 88 95 87 96 97 102 106 108 104 84 -7 114 113 115 117 116 121 119 129 132 134 130 144 140 158 155 164 150 167 166 149 169 174 127 183 184 175 187 197 199 196 203 211 216 215 220 214 207 202 235 232 231 230 229 236 238 242 240 243 249 250 245 259 258 263 265 269 279 276 271 267 262 257 253 237 288 287 292 293 291 286 304 295 315 317 316 324 323 325 321 308 333 337 335 341 353 352 350 347 345 358 361 367 364 376 377 370 382 381 357 387 328 327 393 401 400 399 406 409 413 404 394 418 421 420 419 427 425 436 435 434 431 442 441 437 424 416 447 446 448 457 451 459 449 475 474 471 490 487 480 478 503 502 497 495 477 466 443 390 294 283 225 507 513 511 516 510 506 186 522 521 519 528 531 529 535 534 532 524 545 551 548 541 560 536 571 564 562 576 587 582 578 595 591 590 598 597 588 605 604 603 615 613 612 617 611 608 602 573 517 622 624 627 623 631 634 638 642 649 646 657 654 651 645 630 659 666 664 672 670 675 679 681 682 684 683 689 688 677 697 696 699 702 698 708 706 703 691 674 713 712 714 721 732 731 736 734 730 728 715 739 744 745 752 756 761 763 762 766 760 771 767 748 782 778 788 791 792 794 783 798 797 772 738 710 619 803 806 804 810 814 812 817 816 809 823 820 827 833 834 828 841 848 854 844 856 839 860 858 857 864 866 870 867 873 865 862 819 878 879 885 881 889 892 890 893 887 896 898 895 903 905 902 916 919 918 913 912 911 910 925 931 932 926 934 924 935 901 894 938 937 958 956 960 944 941 974 981 976 982 971 965 964 988 993 997 998 991 986 985 940 936 880 875 801 112 
850
-499 -500 -494 -495 -497 -490 -482 -479 -478 -483 -485 -486 -471 -472 -474 -475 -470 -468 -465 -464 -466 -462 -469 -477 -458 -459 -456 -457 -453 -448 -449 -450 -461 -488 -445 -441 -439 -438 -442 -435 -428 -427 -429 -436 -424 -437 -446 -421 -420 -415 -411 -410 -414 -407 -409 -423 -403 -398 -397 -402 -392 -388 -385 -384 -380 -383 -370 -372 -368 -369 -375 -378 -390 -363 -362 -365 -361 -396 -357 -355 -353 -352 -350 -359 -348 -347 -349 -340 -341 -337 -335 -336 -331 -329 -325 -326 -327 -328 -332 -321 -323 -339 -319 -320 -345 -317 -360 -404 -315 -311 -313 -307 -306 -305 -309 -301 -300 -302 -304 -294 -292 -291 -296 -286 -287 -289 -282 -284 -274 -275 -272 -269 -276 -299 -265 -263 -262 -264 -255 -249 -250 -251 -254 -256 -245 -246 -242 -257 -238 -239 -241 -258 -234 -235 -232 -231 -236 -237 -227 -229 -225 -230 -267 -314 -220 -214 -213 -219 -222 -316 -211 -206 -207 -204 -200 -202 -203 -210 -185 -180 -193 -178 -179 -195 -198 -212 -174 -176 -170 -173 -163 -164 -166 -167 -161 -159 -158 -149 -148 -152 -154 -157 -160 -168 -143 -145 -138 -137 -136 -139 -141 -147 -132 -133 -134 -125 -126 -119 -118 -122 -131 -113 -109 -114 -106 -107 -116 -101 -97 -91 -96 -85 -88 -98 -99 -80 -78 -72 -77 -71 -70 -68 -83 -100 -105 -64 -62 -60 -61 -58 -53 -50 -56 -44 -42 -46 -39 -38 -35 -36 -37 -41 -34 -49 -59 -25 -24 -29 -19 -16 -21 -12 -10 -7 -8 -11 -6 -5 -14 -22 -3 -1 1 5 6 3 13 8 7 2 -4 -32 -67 -135 -177 -405 18 17 16 22 25 20 28 32 31 27 36 34 33 26 19 40 41 52 51 55 60 58 54 50 49 63 62 67 64 72 70 69 68 61 44 79 76 74 37 15 88 92 94 90 89 102 101 104 105 100 98 84 108 106 112 111 110 113 117 121 119 114 124 128 132 129 137 135 134 133 143 146 148 144 152 151 159 156 149 126 123 83 166 169 170 172 168 175 179 178 182 181 188 191 193 194 195 184 197 196 180 173 160 199 203 209 205 204 212 214 213 210 219 218 224 223 226 229 228 225 222 232 231 238 236 242 234 233 216 200 251 249 255 253 260 257 262 264 263 252 243 267 269 270 268 274 272 278 276 280 279 284 282 289 291 292 293 295 286 298 285 275 305 307 309 311 303 313 319 316 315 312 323 326 327 336 333 332 330 321 320 339 337 343 341 340 347 350 345 344 299 266 198 355 359 363 360 367 357 369 370 372 374 382 384 387 389 371 394 397 396 398 402 400 399 410 409 411 423 425 420 416 429 426 430 439 443 442 441 437 453 450 449 432 412 456 454 459 403 465 464 469 463 474 472 478 476 481 480 475 471 487 486 485 483 492 488 482 460 393 495 494 497 496 503 504 505 501 507 506 512 510 523 524 521 516 529 530 533 537 535 540 539 531 549 550 551 545 555 552 543 528 526 561 564 565 563 567 574 577 568 566 557 515 509 493 368 580 584 589 591 586 581 601 608 607 604 592 610 615 616 609 621 622 632 629 628 625 636 635 634 620 641 643 642 639 645 647 649 648 651 652 655 654 650 646 644 663 666 667 664 659 671 670 658 672 657 579 675 674 678 680 679 683 689 690 695 693 700 699 686 676 705 704 707 706 713 701 717 716 719 718 726 731 727 725 722 715 736 737 739 741 740 742 745 744 735 732 746 750 749 752 751 756 758 770 774 772 761 757 755 778 782 777 775 754 748 787 786 789 788 794 800 799 796 802 806 804 801 808 814 813 811 810 817 815 809 819 821 818 807 829 828 830 827 825 839 837 841 844 843 836 849 859 856 852 860 850 847 861 846 792 783 865 866 867 873 876 875 874 878 877 870 862 880 881 884 882 889 893 894 892 886 897 896 904 903 901 907 906 909 910 908 905 900 913 916 922 924 923 920 911 898 931 934 933 935 928 942 943 940 925 948 946 949 953 954 955 951 950 957 961 958 964 965 963 956 966 944 895 879 971 975 974 977 973 972 982 981 979 984 991 985 995 996 999 997 992 983 978 970 673 351 81 
999
-499 -495 -497 -493 -494 -489 -487 -486 -488 -491 -498 -483 -480 -482 -484 -475 -476 -470 -471 -472 -469 -473 -477 -466 -463 -464 -461 -462 -459 -460 -457 -465 -467 -454 -453 -456 -449 -443 -440 -444 -437 -439 -434 -433 -431 -435 -445 -450 -478 -428 -424 -423 -425 -426 -430 -420 -419 -414 -415 -409 -407 -408 -411 -405 -413 -418 -421 -402 -403 -398 -396 -397 -390 -389 -388 -393 -394 -401 -404 -422 -485 -386 -387 -383 -384 -382 -385 -380 -379 -376 -375 -377 -378 -372 -371 -373 -366 -367 -364 -365 -362 -360 -361 -363 -358 -356 -353 -354 -352 -348 -349 -350 -357 -346 -338 -337 -344 -345 -331 -332 -327 -325 -323 -326 -336 -319 -321 -314 -315 -317 -312 -310 -311 -313 -318 -307 -302 -301 -296 -299 -305 -295 -306 -309 -292 -288 -290 -291 -283 -282 -284 -287 -280 -279 -272 -276 -271 -277 -270 -278 -281 -294 -322 -347 -267 -262 -264 -268 -260 -261 -269 -258 -256 -257 -249 -254 -247 -245 -239 -240 -246 -248 -255 -238 -259 -236 -234 -229 -226 -225 -227 -233 -224 -219 -220 -215 -216 -214 -209 -210 -212 -208 -204 -203 -205 -206 -201 -207 -218 -198 -194 -192 -200 -223 -188 -184 -179 -177 -175 -170 -169 -171 -165 -168 -174 -183 -162 -155 -156 -160 -153 -151 -152 -145 -147 -144 -139 -137 -130 -131 -132 -128 -129 -133 -124 -126 -116 -119 -115 -123 -127 -138 -143 -113 -112 -109 -114 -150 -154 -163 -191 -107 -104 -99 -100 -98 -97 -103 -105 -95 -96 -94 -90 -85 -83 -79 -81 -82 -77 -75 -87 -74 -73 -91 -71 -70 -68 -64 -65 -61 -62 -63 -67 -72 -106 -58 -54 -57 -51 -52 -49 -46 -47 -43 -41 -42 -44 -45 -39 -38 -40 -48 -36 -33 -32 -31 -29 -28 -27 -23 -22 -24 -25 -26 -30 -34 -15 -18 -20 -37 -8 -9 -7 2 3 0 -6 -14 -53 -59 -108 7 5 8 12 16 15 13 11 19 23 21 26 25 18 28 33 36 32 38 37 27 4 -237 41 40 44 43 50 51 54 60 58 57 63 62 65 64 61 56 53 72 74 71 77 76 80 82 81 78 70 86 84 68 88 93 92 95 98 97 96 99 91 102 100 106 109 108 104 110 111 118 120 123 122 125 121 119 117 112 103 87 128 133 136 140 141 137 134 131 130 143 142 147 150 149 153 156 160 157 165 168 167 172 170 162 151 148 175 176 177 179 180 182 184 181 178 187 188 190 200 195 203 202 193 189 209 208 207 217 223 225 224 212 206 186 227 173 129 126 49 39 -368 -381 229 232 233 231 240 238 242 236 235 234 244 245 251 255 254 252 261 259 258 257 264 265 268 270 269 266 272 276 278 277 274 271 262 279 250 282 285 288 286 294 295 290 284 281 243 299 304 302 310 313 315 312 306 305 318 323 320 325 324 328 330 332 329 327 317 334 342 341 339 344 347 348 346 345 343 338 333 350 351 353 357 352 367 366 363 373 371 362 376 381 380 390 391 395 399 400 403 402 406 401 398 408 410 407 396 387 374 349 316 415 417 416 411 424 423 421 426 427 425 431 432 436 435 430 443 444 438 437 446 450 451 453 457 456 454 448 458 460 462 466 465 461 469 470 467 474 475 477 478 476 473 481 480 483 486 482 490 492 491 494 495 499 502 504 505 503 501 497 493 487 472 459 445 419 508 507 511 513 516 520 518 526 528 524 529 523 522 517 509 506 538 540 539 542 544 535 546 550 549 548 553 552 556 555 551 545 562 560 564 566 565 563 559 572 570 568 567 576 575 574 573 579 581 587 584 583 582 580 578 557 592 591 600 593 590 588 530 297 228 603 606 607 604 610 613 611 615 620 623 621 619 625 628 627 629 624 637 636 638 645 646 644 648 650 643 634 651 656 655 654 653 662 667 666 659 652 669 671 670 674 673 668 679 680 683 681 684 685 689 692 688 693 702 700 699 698 704 703 697 696 710 711 715 716 714 706 705 687 675 630 609 719 721 723 722 724 720 725 728 731 730 737 727 743 741 745 744 753 752 750 748 755 758 757 754 739 760 763 764 766 769 771 765 762 774 775 777 778 773 772 782 783 785 788 787 784 790 789 792 791 780 799 805 804 803 806 802 807 808 796 815 817 816 814 810 819 823 824 822 821 825 820 826 827 829 828 832 831 830 818 837 838 834 833 809 795 759 726 717 840 843 842 844 847 845 850 852 848 857 855 854 860 859 853 862 864 863 861 868 867 873 872 871 866 865 876 875 878 882 880 884 886 889 893 892 895 888 887 883 897 902 904 901 906 905 896 909 907 879 874 841 916 917 918 920 919 924 912 911 839 929 930 928 935 937 936 934 933 932 938 927 941 942 940 946 945 943 926 950 953 955 954 951 957 956 959 958 963 964 962 960 966 969 968 971 970 965 973 979 974 982 985 981 989 990 988 992 999 998 995 991 986 972 949 602 

